12
604
146
177 16 138 428 458 485 185 577 15 553 167 516 394 135 601 324 37 496 390 107 71 281 179 123 163 105 124 103 263 494 22 511 21 262 548 49 539 570 89 417 21 488 554 407 266 317 580 310 289 32 236 505 117 380 421 451 193 14 100 5 502 518 536 359 127 232 434 59 473 53 393 484 457 553 22 376 60 414 365 238 485 309 347 78 573 422 330 198 563 217 316 207 602 364 209 192 471 335 536 512 349 258 38 498 511 304 480 117 296 304 305 118 171 105 258 374 67 446 122 454 123 208 109 298 579 208 5 335 80 207 601 266 126 160 598 17 46 476 118 534 77 185 67 476 506 510
809
64
603 55 323 516 745 787 133 731 207 784 361 748 2 435 331 509 24 128 291 484 2 744 298 182 548 709 332 398 752 390 670 387 459 604 273 688 803 612 716 572 521 156 153 522 222 485 261 355 275 783 504 635 341 710 495 304 759 616 179 63 427 720 489 496
415
28
182 190 35 404 409 268 246 90 191 164 274 116 65 362 310 358 17 99 72 339 126 10 279 380 372 368 235 389
965
182
551 281 898 693 690 651 660 302 367 618 83 151 50 721 100 505 324 158 238 874 884 914 41 583 324 288 618 224 443 868 617 764 558 558 171 291 477 840 873 40 942 844 196 235 706 590 804 831 539 662 286 428 489 323 723 608 415 722 83 304 854 54 166 72 787 247 830 489 425 396 520 699 793 859 324 224 487 479 56 455 940 567 64 325 140 926 952 908 836 65 568 617 873 50 698 960 745 554 780 240 617 557 808 15 932 680 707 497 512 699 656 824 245 796 308 253 219 937 303 340 329 634 90 737 94 929 563 563 805 302 59 393 821 168 883 843 170 699 796 756 643 461 804 609 389 420 611 789 622 112 143 579 321 632 442 96 154 218 190 885 401 361 328 798 791 903 724 630 690 441 34 736 957 400 555 543 693 457 748 556 658 239
201
171
106 127 148 107 20 153 153 132 140 8 160 98 176 8 87 159 123 176 8 11 195 91 52 184 36 37 91 82 85 148 21 127 148 174 144 188 124 98 30 31 11 126 82 128 28 161 15 108 117 175 111 108 28 112 23 177 28 157 132 4 113 21 30 188 5 176 23 127 76 118 184 19 92 14 143 86 175 67 10 121 118 14 87 130 36 18 168 38 162 169 189 3 107 65 9 37 133 157 124 15 49 91 128 76 16 111 70 64 82 123 139 36 148 145 91 10 22 49 34 107 67 177 157 86 177 162 82 130 63 117 45 123 85 200 96 133 10 169 161 183 123 86 5 174 154 122 132 123 64 155 132 159 54 194 118 113 132 3 117 172 20 63 146 21 64 108 159 176 151 65 92
374
61
316 27 373 178 275 113 47 301 235 355 234 42 354 177 64 118 160 43 2 188 315 93 57 265 171 33 225 56 18 349 71 99 301 352 150 340 213 91 349 334 30 226 320 118 137 242 69 354 4 117 136 355 220 173 290 188 325 33 229 173 245
360
14
291 318 220 218 135 312 221 53 225 64 329 313 32 350
189
41
141 161 33 56 173 129 93 36 42 174 122 106 45 72 188 92 31 107 42 163 180 49 2 170 184 38 122 50 88 70 159 159 181 172 106 154 33 70 11 79 97
588
177
515 307 391 141 61 206 54 54 560 387 430 429 213 399 22 343 206 504 323 319 342 231 576 37 63 507 325 112 107 364 532 337 85 123 491 428 438 106 70 300 90 537 8 546 175 332 586 463 475 205 122 304 208 80 406 368 439 453 301 131 339 315 134 32 546 405 374 486 318 411 146 322 203 161 367 87 39 424 321 95 25 152 323 187 255 432 500 25 16 71 205 293 546 473 483 569 303 123 448 475 532 472 296 389 519 372 370 39 473 79 344 142 176 500 429 308 422 44 339 406 37 369 205 248 349 528 462 559 440 558 512 237 107 545 73 171 133 188 178 137 137 456 136 553 325 456 542 234 5 437 570 469 146 441 561 103 370 317 434 308 123 233 50 322 372 255 53 185 419 303 63 469 52 402 289 366 391
47
42
23 22 44 17 21 45 40 11 4 19 10 18 39 16 12 38 17 27 16 17 41 32 27 38 46 41 19 19 10 45 14 39 23 13 35 14 40 22 5 32 21 44
162
67
33 71 2 44 76 116 160 43 120 50 77 161 93 74 24 65 14 7 92 14 134 3 120 6 26 132 103 82 55 98 81 125 41 153 24 68 89 83 74 83 34 56 103 78 131 21 78 120 103 87 45 3 132 96 33 90 122 122 41 145 134 76 14 133 34 3 140
777
77
394 651 767 566 635 467 397 674 730 72 574 386 420 387 768 631 46 152 650 220 195 34 426 762 530 641 602 605 123 737 33 371 533 591 64 559 50 213 544 133 26 653 724 747 196 734 358 451 61 429 473 29 551 331 753 341 649 637 477 1 288 37 110 105 268 516 354 388 711 346 467 644 306 596 673 737 44